wc -l bigann_learn.bvecs_100m.txt
100000004 bigann_learn.bvecs_100m.txt

head bigann_learn.bvecs_100m.txt
128
20
100000000
1
128 0 0 0 0 17 46 3 0 75 13 1 2 14 53 24 79 157 68 27 19 3 20 100 157 8 28 30 27 6 37 72 13 0 0 5 18 39 56 6 0 101 94 35 40 98 34 2 15 157 157 58 41 11 22 22 55 9 5 40 52 13 33 23 7 0 0 21 74 16 8 1 0 104 9 16 76 71 11 1 36 157 18 7 4 2 6 10 84 17 3 6 3 0 8 10 5 0 0 0 0 0 0 0 0 5 0 0 0 0 0 0 2 23 0 0 0 0 0 0 4 0 0 0 0 0 0 0 0
128 2 0 0 14 25 0 0 0 49 9 1 7 19 3 0 4 18 3 0 1 61 26 2 4 38 2 0 0 4 5 3 17 13 3 29 106 95 0 0 1 126 38 10 32 46 20 7 64 54 12 20 45 126 126 39 44 67 13 80 26 10 26 25 58 8 20 123 68 12 0 0 0 123 126 126 24 6 1 0 7 16 56 126 126 47 20 2 3 1 4 122 108 44 8 2 1 5 27 33 2 0 1 1 1 14 22 48 4 0 0 5 10 12 32 38 9 7 3 6 11 3 3 4 17 44 14 11 19
128 34 2 0 1 1 1 5 27 118 70 14 0 0 0 10 21 25 103 102 0 0 1 17 3 0 14 28 0 0 0 2 0 47 4 0 0 5 11 14 20 127 25 6 2 0 6 116 127 13 28 46 26 8 62 127 44 1 5 20 4 0 4 52 10 34 8 7 3 6 11 12 30 127 127 49 17 2 2 12 52 23 52 123 127 42 42 48 11 0 1 63 32 3 6 19 4 3 15 41 15 12 22 4 2 114 106 47 9 2 1 0 3 95 32 8 22 23 53 63 14 0 0 3 6 4 20 41 3
128 3 3 0 12 17 10 7 8 70 6 0 1 1 1 4 34 105 96 30 0 0 0 17 21 9 69 114 0 0 0 29 6 0 0 0 0 6 34 46 7 77 10 0 0 6 13 18 29 129 35 9 3 0 5 124 129 12 15 36 40 9 44 129 48 0 0 0 6 12 29 19 1 52 10 7 4 8 17 17 38 129 129 60 18 2 2 8 44 20 57 88 129 44 33 33 8 0 0 1 16 18 18 16 3 5 17 50 25 14 29 9 4 87 116 64 16 2 2 0 2 107 50 5 10 15 32 45 11
128 29 14 7 136 31 0 0 7 59 45 31 33 4 6 15 17 0 0 5 12 3 7 19 0 0 0 0 0 0 0 0 0 69 5 2 28 26 73 26 27 136 27 13 15 9 64 136 136 6 2 2 10 34 136 136 20 0 0 0 0 1 9 19 19 45 3 1 10 57 106 43 17 136 136 43 16 11 26 36 65 22 46 51 61 83 95 36 46 6 0 0 0 4 11 17 95 20 21 3 5 10 14 52 11 25 30 8 3 1 2 60 50 39 17 10 5 1 0 2 31 3 0 0 0 0 0 0 13
128 0 0 0 0 0 0 0 0 21 57 24 0 0 0 3 14 6 57 41 1 0 3 7 9 0 2 13 6 1 0 0 0 35 8 0 0 0 2 2 2 132 59 14 7 4 10 33 132 24 28 47 90 92 66 58 62 7 37 34 29 15 5 4 0 25 6 23 29 21 37 10 5 132 132 132 58 15 23 10 27 33 50 132 132 46 7 6 31 65 70 20 32 5 0 4 11 0 3 36 32 8 96 76 0 17 11 68 34 7 45 45 18 102 16 32 7 0 2 30 118 28 9 4 13 23 21 35 29

tail bigann_learn.bvecs_100m.txt
128 10 1 0 3 59 83 16 24 11 93 38 20 52 24 1 0 8 105 94 59 4 3 1 1 75 11 33 60 4 2 1 38 12 40 35 8 79 78 1 4 12 37 13 16 119 119 0 0 117 72 8 5 17 14 16 22 106 15 0 3 3 9 29 56 11 94 119 28 21 4 0 0 21 32 34 30 119 47 4 8 119 11 0 0 31 20 13 59 63 5 2 20 5 1 19 58 85 24 13 16 59 2 0 10 64 14 3 3 15 21 43 50 41 1 0 0 5 9 48 119 27 2 1 59 42 0 6 18
128 15 0 0 9 12 0 9 118 3 2 49 89 50 0 0 8 12 27 89 68 15 0 0 1 10 3 9 57 109 3 0 5 1 6 36 75 33 1 6 17 17 9 23 116 118 1 0 0 118 18 11 31 31 20 14 40 18 0 0 13 49 112 65 29 3 13 19 68 97 3 6 8 22 12 12 38 111 51 8 7 118 56 0 3 19 23 11 37 56 24 0 0 11 94 61 18 4 4 1 29 20 18 88 63 3 2 0 0 27 118 56 20 108 33 0 0 11 45 15 35 81 40 11 36 18 7 0 5
128 18 14 24 25 1 0 46 49 62 22 34 31 1 0 6 59 27 24 39 37 14 4 6 8 10 4 7 7 14 41 15 7 6 17 26 19 28 5 83 44 10 15 74 114 103 26 16 25 114 92 67 38 5 5 6 25 49 11 46 108 33 27 6 5 12 47 114 14 14 1 0 4 18 12 21 22 72 78 66 51 104 9 4 20 36 22 69 114 14 8 47 114 114 35 0 4 82 58 12 0 0 0 0 27 55 10 6 10 1 1 20 89 1 0 6 92 27 3 25 33 0 1 4 36 114 49 2 0
128 17 5 0 0 20 56 35 10 8 4 7 6 28 80 23 27 41 27 11 6 6 3 19 105 2 2 1 37 95 16 15 13 53 45 4 8 60 11 0 1 5 18 55 82 111 52 10 6 106 111 71 22 16 10 8 26 34 16 3 28 96 37 7 6 34 111 111 2 14 7 0 1 45 46 17 9 53 111 86 13 108 12 2 2 6 66 107 81 51 6 1 0 14 54 43 20 78 85 67 2 0 0 15 51 111 83 27 8 2 16 17 18 9 7 25 29 15 33 31 6 18 33 19 3 4 6 7 9
128 12 12 4 38 50 0 0 0 136 86 2 3 1 3 3 17 88 17 2 2 1 5 9 72 24 5 4 33 58 6 8 27 18 7 13 47 69 1 0 1 136 37 7 7 0 1 3 80 93 20 13 12 23 27 14 54 65 36 24 17 18 4 5 47 32 5 1 8 120 23 0 8 136 95 7 1 3 1 1 32 67 66 44 134 41 9 2 7 71 136 36 77 18 0 0 5 18 0 0 0 85 47 5 18 136 33 2 0 1 2 2 36 34 22 13 56 63 15 1 0 28 59 8 26 22 14 8 3
128 8 123 98 32 17 6 4 4 7 17 45 123 123 22 2 3 18 3 9 14 16 26 70 24 0 0 0 5 7 17 88 33 23 59 36 9 2 8 26 100 44 17 21 47 36 118 44 35 123 34 2 9 11 21 49 42 5 2 0 49 56 25 52 6 48 3 10 11 8 10 44 123 20 2 11 40 123 123 60 71 106 28 3 12 35 47 17 30 6 5 2 50 67 22 11 5 70 7 30 44 37 5 2 48 4 3 57 84 44 13 1 2 5 11 33 16 12 17 7 9 4 5 36 16 12 18 12 13
128 29 13 1 0 0 2 31 51 28 19 13 7 9 4 14 54 16 7 10 6 10 34 19 9 3 0 0 2 2 31 47 17 25 49 13 4 2 0 37 71 13 13 15 120 51 3 22 46 120 40 22 44 13 4 24 81 23 3 16 26 6 50 116 65 17 120 50 16 3 0 6 4 33 34 33 120 60 5 20 13 120 103 101 32 7 3 13 45 15 27 120 92 5 9 14 16 21 9 2 1 12 25 31 32 38 4 3 5 12 34 109 120 8 8 28 16 79 113 60 17 3 15 82 22 19 12 1 1
128 29 17 45 41 7 0 0 3 119 82 21 3 0 0 0 15 43 22 33 119 34 2 0 8 17 26 32 101 28 0 0 2 64 4 6 24 31 2 2 42 109 63 93 30 18 0 0 28 62 49 105 94 25 30 11 16 48 21 14 43 41 48 6 13 37 0 1 7 26 21 74 68 60 14 11 39 106 15 7 14 119 58 10 8 59 14 6 32 15 29 16 24 119 26 3 4 46 9 7 29 62 31 44 41 11 16 4 46 119 21 4 0 46 119 52 15 17 0 0 0 10 20 39 54 82 5 2 2
128 8 34 44 34 18 25 14 8 18 18 61 120 20 2 2 8 21 6 4 23 29 20 19 18 2 5 5 55 110 16 1 0 11 23 88 120 21 14 6 2 120 24 41 84 10 1 0 60 40 4 4 80 97 16 2 34 0 13 13 52 82 26 1 0 36 49 33 48 12 8 12 10 120 74 1 8 10 5 12 40 41 23 1 14 118 73 4 7 1 4 3 53 98 39 6 0 120 44 0 0 3 6 20 21 81 12 0 3 1 2 36 92 26 4 1 107 75 7 0 16 5 7 13 120 64 3 0 0
128 6 23 42 87 45 0 0 1 105 113 36 12 7 0 0 0 72 56 28 62 55 2 0 0 14 47 33 71 74 2 0 1 15 6 25 69 49 24 1 4 113 63 6 19 12 2 0 54 44 27 44 113 64 1 0 12 32 48 29 81 43 2 1 9 13 5 8 16 100 50 11 11 113 81 36 18 5 5 8 22 13 25 27 113 101 17 0 1 9 71 48 51 47 9 0 0 1 11 53 99 73 3 0 0 25 113 74 25 4 0 0 1 23 56 29 46 68 10 1 0 10 14 7 44 67 20 14 1

